Filename: w051025_075322.SFTC  Nsub: 1  Nchan: 1  Npol: 4  Nbin: 1024
0 0 0 -0.394531 -1.11829 4.12866 -0.980206
0 0 1 -1.71875 0.237854 -0.0710449 -0.351398
0 0 2 -1.70312 4.71649 -2.39758 -5.44222
0 0 3 -2.80078 -2.57874 3.32874 3.74529
0 0 4 1.41797 -2.21082 1.05444 2.40847
0 0 5 2.16406 3.95032 -0.876465 -3.19909
0 0 6 0.269531 -3.00729 0.72998 -1.21244
0 0 7 -1.91406 -3.4119 0.52002 1.75164
0 0 8 -2.57812 4.44794 1.16663 -2.44635
0 0 9 -0.90625 -1.5856 4.66858 -0.00708771
0 0 10 -0.269531 0.0334473 -0.607666 1.2376
0 0 11 1.13281 0.244202 1.49658 -0.767372
0 0 12 -0.0585938 -2.87973 0.258911 2.38206
0 0 13 -0.445312 -1.673 -3.15967 -0.235012
0 0 14 -0.34375 1.52069 2.5199 0.344765
0 0 15 -0.28125 0.262512 0.420044 -0.793236
0 0 16 -2.38672 2.29321 -2.12976 -3.41785
0 0 17 -1.05469 -0.105408 -1.33765 3.83312
0 0 18 -3.04297 -0.34082 -2.68311 -0.245247
0 0 19 0.164062 2.47858 -1.17651 -1.0551
0 0 20 0.90625 5.10556 2.74207 -2.21789
0 0 21 0.253906 -1.30649 -2.54089 -3.02936
0 0 22 -1.35547 -1.08093 -0.937622 -1.32021
0 0 23 -2.17578 -0.926575 -2.06531 4.55299
0 0 24 -1.25781 -0.439514 0.123413 1.80175
0 0 25 -2.3125 2.64069 2.5177 -4.2595
0 0 26 -0.0820312 1.47064 0.97998 4.10361
0 0 27 3.54297 4.65024 -0.157715 -1.82401
0 0 28 0.101562 3.59085 1.04333 -0.51466
0 0 29 2.16016 2.70343 1.88879 -1.9571
0 0 30 -0.75 -0.696777 2.35437 -3.00673
0 0 31 -1.40625 4.52759 -1.70752 -2.44635
0 0 32 -0.261719 0.0461426 -0.105469 3.48774
0 0 33 3.74219 -0.604462 -1.92419 -3.13335
0 0 34 -0.816406 0.133545 -1.4187 0.0602646
0 0 35 2.31641 3.27719 4.83533 -0.923092
0 0 36 4.01172 1.56299 1.20227 -1.36062
0 0 37 1.66797 1.21619 0.656738 -1.91183
0 0 38 -4.64844 2.66537 -1.02869 -0.917164
0 0 39 0.632812 -2.64359 0.176758 2.28508
0 0 40 2.68359 0.050354 -2.73975 0.592625
0 0 41 1.9375 -0.996338 -1.09656 0.580231
0 0 42 0.386719 -0.520569 -0.0065918 -0.80024
0 0 43 1.44531 -1.728 -1.45764 -1.44252
0 0 44 -0.324219 1.47205 4.65869 2.03937
0 0 45 0.261719 6.32074 -2.94189 -1.48778
0 0 46 5.18359 -2.26791 2.02991 -2.02176
0 0 47 6.42188 -0.302063 -5.1073 2.60568
0 0 48 3.34766 4.85745 2.16553 -0.0356445
0 0 49 2.08594 -0.529724 -2.77087 1.42188
0 0 50 0.789062 -0.332367 1.35559 -1.22375
0 0 51 6.46484 2.44476 3.59094 -2.89627
0 0 52 -0.421875 1.52209 0.43335 2.81689
0 0 53 1.71875 2.72034 3.97424 1.39978
0 0 54 -0.53125 0.779175 0.217896 -2.77234
0 0 55 -1.36328 0.850372 2.16882 -1.36439
0 0 56 -1.49219 -3.67902 -0.647705 2.47474
0 0 57 1.48438 -3.50351 2.2644 -0.772221
0 0 58 -2.28125 -0.700317 4.01196 -1.82508
0 0 59 -0.15625 1.81815 1.46326 -1.73941
0 0 60 2.93359 -2.58298 -0.171021 -1.03463
0 0 61 0.0390625 2.51733 -0.0244141 3.20377
0 0 62 0.488281 -0.0828552 1.57886 1.01129
0 0 63 2.58594 0.977234 1.44885 1.77211
0 0 64 1.77344 0.831329 3.52979 -2.92213
0 0 65 -3.02344 1.39944 3.41211 0.615257
0 0 66 1.79688 -0.958984 4.47424 0.26017
0 0 67 1.52344 1.95486 -0.97876 1.84809
0 0 68 0.71875 -2.73804 0.366699 2.05931
0 0 69 5.82812 -4.35004 -4.56628 0.0155449
0 0 70 1.44531 -4.12378 -3.40076 -0.0765953
0 0 71 3.15234 2.88879 -2.64417 -1.89028
0 0 72 -3.78906 2.63998 1.57446 4.26957
0 0 73 -1.91406 -0.0462036 -6.79272 -4.21801
0 0 74 -0.105469 1.65884 0.103394 2.12558
0 0 75 1.125 0.567719 -0.699829 2.31741
0 0 76 1.62109 1.97461 3.44202 -2.56813
0 0 77 1.6875 1.3797 4.45203 -4.09246
0 0 78 0.804688 -1.67371 1.14441 -2.60692
0 0 79 0.996094 4.94415 0.416748 0.21006
0 0 80 -3.11328 0.419006 0.820068 -3.23788
0 0 81 0.867188 0.167358 -4.49182 3.44086
0 0 82 -2.82422 0.584625 -2.1731 -3.90064
0 0 83 5.25 -2.52658 -0.580933 1.81845
0 0 84 0.171875 -2.78528 0.113403 -1.58746
0 0 85 1.50391 0.226562 -2.32751 -1.23669
0 0 86 0.675781 0.0108948 2.05322 2.77487
0 0 87 -3.81641 2.13531 1.02112 -0.906387
0 0 88 4.39453 2.07822 0.112305 0.0694237
0 0 89 0.394531 -0.64743 1.55774 0.788757
0 0 90 -0.886719 0.135651 -2.33423 3.38213
0 0 91 1.5 2.14307 -2.23425 -4.03211
0 0 92 0.914062 -0.266113 -2.22083 4.21838
0 0 93 2.0625 -2.29681 -2.5542 -0.311523
0 0 94 -1.24219 -2.13467 -2.39417 1.49677
0 0 95 -1.34375 1.99716 0.421143 -0.969967
0 0 96 -0.0234375 2.39471 0.00671387 3.73559
0 0 97 3.37109 1.33459 2.49207 1.45205
0 0 98 2.64062 -1.36639 2.80212 -4.1097
0 0 99 2.17578 -1.30859 1.49109 2.92682
0 0 100 2.53125 -4.11957 -0.987671 -1.17149
0 0 101 -0.28125 0.925079 -1.38647 1.5388
0 0 102 1.42188 -2.23477 1.98438 4.88329
0 0 103 1.9375 3.24475 0.902222 -0.19352
0 0 104 3.67969 -2.24606 2.24548 3.8967
0 0 105 2.50391 -1.66245 4.28418 -2.04708
0 0 106 2.93359 0.29425 2.12988 1.73871
0 0 107 -0.460938 1.53055 2.66321 -1.65158
0 0 108 -2.03516 -2.57028 3.20544 -0.829334
0 0 109 -5.25 0.898285 0.73999 3.63322
0 0 110 2.50781 -3.36606 1.71545 1.69991
0 0 111 1.54688 -5.2283 1.85107 1.49839
0 0 112 -3.6875 -6.5936 3.4176 0.40134
0 0 113 0.0195312 -1.32904 1.34106 -3.90765
0 0 114 0.859375 -0.454315 -1.52319 -3.97985
0 0 115 -0.832031 1.97531 -2.61304 -0.0442657
0 0 116 4.48828 -5.47922 -3.41077 3.5109
0 0 117 2.11328 0.632568 5.78748 1.77804
0 0 118 0.609375 -4.04626 1.11218 -2.38708
0 0 119 1.38281 -2.41382 -2.24304 4.05566
0 0 120 -2.08984 -3.44781 -5.08398 2.61591
0 0 121 2.95312 1.51224 3.24426 -0.6068
0 0 122 -7.64062 2.18182 0.0844727 -0.468323
0 0 123 -0.378906 -2.47653 2.43994 -2.7718
0 0 124 0.664062 -0.0920105 -1.27869 1.37769
0 0 125 -2.63281 -1.68146 -1.18872 1.80444
0 0 126 -0.410156 -0.48111 -2.53857 -1.05295
0 0 127 -0.476562 2.65338 0.274536 2.23281
0 0 128 2.78125 0.184998 -4.29517 1.65842
0 0 129 2.67578 0.641724 3.50537 -2.01852
0 0 130 1.92578 3.43155 2.09106 -2.17909
0 0 131 2.65625 -0.829285 -0.822021 -2.72007
0 0 132 4.26953 0.684021 -2.04199 3.58472
0 0 133 0.0859375 5.36847 -1.97864 -1.50502
0 0 134 0.132812 -0.328156 1.37 0.73703
0 0 135 1.92578 5.15561 -0.115479 5.55844
0 0 136 3.25781 -2.31232 -1.89429 3.29645
0 0 137 -1.59766 1.09143 3.83313 0.0300903
0 0 138 0.355469 -2.14243 1.43994 3.74799
0 0 139 1.82812 3.72195 0.103394 2.62022
0 0 140 -2.15234 -4.75745 -2.703 7.00088
0 0 141 1.82031 -1.77521 -2.33313 0.875507
0 0 142 -1.85547 -0.631927 -2.18311 -1.06911
0 0 143 3.10156 -1.87036 -0.0510254 1.32058
0 0 144 1.22656 -2.24323 0.377808 -0.584709
0 0 145 3.58203 0.0722046 1.42883 2.50114
0 0 146 -3.22266 2.99243 3.05432 -1.63219
0 0 147 -1.56641 -0.72287 3.85315 -0.553455
0 0 148 -0.324219 -1.72446 -0.952026 0.0311699
0 0 149 3.03906 0.30481 -0.19104 0.272564
0 0 150 -0.839844 -1.6124 -0.543213 -3.46042
0 0 151 2.37891 -0.709473 -0.154297 0.781754
0 0 152 2.03516 1.60175 -1.35315 2.53132
0 0 153 2.83203 0.624817 4.08752 -4.68248
0 0 154 1.41016 6.29959 1.42773 1.77696
0 0 155 -0.386719 -5.07181 -0.822021 1.2279
0 0 156 -1.06641 -1.03583 3.23535 -5.00685
0 0 157 2.16797 1.15344 -0.21875 4.54329
0 0 158 -1.38672 1.41638 -1.24426 0.909454
0 0 159 3.49609 3.66132 -1.9209 -5.43953
0 0 160 2.72656 0.101105 -2.09204 -1.26471
0 0 161 2.25781 -1.47565 2.18433 -3.44156
0 0 162 -1.1875 2.28616 2.59656 -0.69355
0 0 163 -0.324219 4.33447 -0.422119 5.19473
0 0 164 -2.83984 1.13513 -2.77637 -2.57675
0 0 165 -2.26172 1.39594 -3.18079 -1.52819
0 0 166 -5.59375 -0.265411 -1.20654 0.4757
0 0 167 -2.79688 0.779175 4.64417 2.41493
0 0 168 2.39453 1.2916 -0.475464 -2.16616
0 0 169 -3.48047 1.01459 2.12878 -2.94207
0 0 170 -0.300781 -1.37769 2.05322 -1.12354
0 0 171 1.00781 -0.130798 2.59326 -4.88238
0 0 172 2.4375 -0.565674 0.985596 3.38482
0 0 173 2.83984 2.95224 0.76001 2.46612
0 0 174 5.25 -0.0737 1.67883 -2.60261
0 0 175 -0.667969 -0.500122 0.148926 -1.62033
0 0 176 -3.76172 -0.171661 -1.98755 -0.474789
0 0 177 1.59375 0.894073 1.6178 1.15731
0 0 178 3.60547 -3.41046 0.585571 0.337223
0 0 179 -1.29297 0.557159 -1.20764 1.28879
0 0 180 -5.19922 -4.72644 1.34216 -2.11928
0 0 181 2.93359 -0.29361 2.92651 -2.81006
0 0 182 -0.558594 -1.59335 -0.913208 -1.27063
0 0 183 2.03906 0.655121 -1.172 2.53024
0 0 184 0.164062 -2.94949 1.83215 0.710091
0 0 185 -1.09375 -1.47214 0.0256348 -0.455929
0 0 186 0.0703125 3.08194 -2.57751 -5.9832
0 0 187 -3.15234 -0.796173 -1.46875 -1.61871
0 0 188 -3.04297 -4.03708 0.140015 -2.32188
0 0 189 -0.632812 -0.640411 -0.500977 -2.10312
0 0 190 -1.35938 -1.4827 -4.22742 -1.41288
0 0 191 0.132812 3.24194 -2.58643 -3.71582
0 0 192 2.03906 -1.92041 -0.0065918 0.515034
0 0 193 2.31641 2.74503 -1.41089 -0.0561218
0 0 194 0.355469 0.927917 1.81445 0.59478
0 0 195 -0.207031 0.653015 2.13989 4.55353
0 0 196 4.81641 -0.143463 -1.0365 1.12498
0 0 197 -2.85156 -0.830017 -2.34082 6.59837
0 0 198 -0.171875 0.450012 -3.91626 1.17348
0 0 199 1.66406 -2.16006 -2.50977 1.16647
0 0 200 -6.17578 1.92105 0.243408 3.50121
0 0 201 -1.83594 -3.72836 -2.0553 1.68267
0 0 202 -2.35547 -0.592468 -2.61194 -0.596561
0 0 203 1.22266 -2.15726 1.25439 1.24945
0 0 204 2.48438 -1.5687 0.603394 -4.51382
0 0 205 0.265625 -3.41611 1.52002 2.98878
0 0 206 0.09375 -4.25912 3.38647 0.456303
0 0 207 -1.83594 2.73093 -3.13306 2.79427
0 0 208 4.76172 -2.44763 3.69983 -2.04115
0 0 209 -0.625 0.351318 -1.65308 0.0753517
0 0 210 -3.79297 -4.80115 -0.788696 0.148094
0 0 211 0.359375 -1.15848 -0.0244141 1.14816
0 0 212 -3.02344 1.60175 0.693359 -2.97009
0 0 213 0.683594 -1.55319 -1.50208 -1.21406
0 0 214 -0.746094 -2.77609 1.35559 0.730564
0 0 215 1.46875 2.50818 1.43555 -0.14341
0 0 216 -0.847656 0.600159 1.64551 2.98232
0 0 217 -0.652344 0.565613 -1.43311 -0.917702
0 0 218 -2.23047 1.95911 0.540039 2.53778
0 0 219 0.140625 1.94711 -0.677612 -5.77683
0 0 220 2.45703 3.89606 0.644531 4.2825
0 0 221 2.17188 -0.918823 -1.73096 3.61705
0 0 222 -2.70312 0.363312 -4.8407 -0.717258
0 0 223 2.08984 1.46359 1.5177 -3.75947
0 0 224 2.87891 1.01953 -2.5675 -0.159035
0 0 225 -1.69141 3.67682 1.49219 -3.59944
0 0 226 2.31641 1.82306 3.63428 2.742
0 0 227 -0.324219 1.03082 0.783325 -0.476406
0 0 228 1.19922 -2.32642 2.69324 1.71177
0 0 229 1.97266 5.73853 0.781128 -3.09779
0 0 230 0.484375 -0.939972 -2.62866 0.518806
0 0 231 1.625 0.773529 -2.65198 3.1348
0 0 232 2.33203 -2.50684 -2.65857 0.268791
0 0 233 -1.39062 0.121552 -5.18848 -3.42486
0 0 234 -0.0078125 -0.476868 -1.9165 1.23491
0 0 235 0.511719 -0.581879 -1.6731 -1.36816
0 0 236 -0.960938 0.452118 0.827759 1.24245
0 0 237 -6.91797 2.57303 1.73779 5.63603
0 0 238 -0.199219 -3.18069 1.37439 -2.26908
0 0 239 0.460938 -6.02338 0.364502 1.26885
0 0 240 0.578125 -1.47565 -0.733154 -0.0663567
0 0 241 0.359375 -3.56342 2.58875 2.31256
0 0 242 -3.26953 -0.770081 -1.14978 1.24622
0 0 243 -3.62109 1.71875 -0.813232 -1.32936
0 0 244 1.1875 1.8703 1.30994 -4.90717
0 0 245 2.6875 0.111694 -3.26526 -1.77174
0 0 246 -0.0898438 -2.20941 2.44434 2.28885
0 0 247 1.36719 -1.29803 -0.398804 -3.22118
0 0 248 -2.82031 1.86676 -1.1554 -3.88555
0 0 249 -4.01562 -2.99319 -0.869873 -0.961887
0 0 250 1.82812 -0.436707 1.93103 -3.00942
0 0 251 1.33203 0.803864 1.02112 -2.23136
0 0 252 -3.9375 5.47067 -2.36194 -2.12575
0 0 253 -2.15234 3.34061 2.92651 -1.85741
0 0 254 0.0898438 -0.184357 -0.534302 1.1988
0 0 255 1.52344 2.60617 0.866699 0.460075
0 0 256 0.265625 1.4368 -3.59412 1.23598
0 0 257 3.10156 3.2088 -1.29431 -0.899384
0 0 258 1.60547 1.62219 -1.57202 0.734337
0 0 259 -3.66797 2.38553 -1.37537 -0.430603
0 0 260 3.67188 2.47293 1.96436 -3.78856
0 0 261 -2.92188 3.58661 3.08765 0.712784
0 0 262 -0.183594 -0.65802 2.20544 1.60454
0 0 263 1.17969 0.30835 -0.659912 -3.03637
0 0 264 -1.11328 1.25494 3.95532 -3.71636
0 0 265 0.320312 -3.2265 2.54541 -1.98565
0 0 266 1.875 0.786224 1.96216 2.15899
0 0 267 -0.109375 1.45865 0.0944824 2.01243
0 0 268 -1.78125 -3.04819 -3.02527 -2.60261
0 0 269 1.23438 0.596619 -0.575439 3.60843
0 0 270 -0.875 1.32263 0.0234375 0.351231
0 0 271 -1.99219 -0.16391 -0.557617 1.34644
0 0 272 -0.277344 -4.91815 -3.07971 -0.700558
0 0 273 1.86719 2.41443 -2.10535 1.1557
0 0 274 -1.67188 -3.90106 -5.25513 -2.02391
0 0 275 -1.19531 -5.16205 -2.10315 0.894905
0 0 276 -1.83984 -1.42984 0.086792 -0.309368
0 0 277 2.42969 -0.0631104 3.06213 5.6231
0 0 278 -3.16016 1.33743 4.37195 -2.93668
0 0 279 -5.29688 1.05408 -1.24536 0.773132
0 0 280 0.828125 0.404205 -2.02869 1.99142
0 0 281 5.02734 5.45941 2.30884 1.28124
0 0 282 0.804688 1.03223 -1.72534 0.911072
0 0 283 -2.68359 -1.31213 2.5354 -0.73019
0 0 284 1.92578 -1.61661 2.02771 -0.580936
0 0 285 0.355469 3.27365 1.33105 3.42685
0 0 286 1.73047 -3.60925 2.70325 -1.45275
0 0 287 -1.98047 -1.83301 1.29224 1.2252
0 0 288 0.703125 -0.350708 -4.28076 1.94616
0 0 289 5.08594 1.8132 -1.09094 -2.92537
0 0 290 3.89062 -0.943481 2.47876 -2.24644
0 0 291 -0.015625 -2.30597 -4.31848 1.25484
0 0 292 1.40234 -4.21964 -2.90527 -1.11761
0 0 293 2.19141 2.73163 1.13 2.71183
0 0 294 4.98438 1.07309 1.64661 0.633038
0 0 295 -1.01172 -0.261902 -0.627686 4.08583
0 0 296 0.320312 -1.87811 3.19434 -4.9562
0 0 297 4.14453 -4.99429 -1.19763 0.512878
0 0 298 -0.921875 2.50607 -3.55408 -0.932251
0 0 299 1.66797 0.671326 0.436768 4.52551
0 0 300 -4.03125 -0.965332 -4.48743 -0.937099
0 0 301 1.26172 0.135651 4.43982 3.60682
0 0 302 0.3125 1.33249 -2.16199 1.74841
0 0 303 1.03516 0.60437 -0.0754395 4.32669
0 0 304 -0.800781 -0.613617 -2.11194 -1.00122
0 0 305 -3.61328 -2.38562 0.406738 -3.39199
0 0 306 2.96094 -4.33878 1.99329 -2.72654
0 0 307 4.48828 3.24475 -5.04517 -4.11294
0 0 308 -0.261719 -4.09137 -0.618774 2.29531
0 0 309 1.69922 3.43576 -2.90198 -2.60907
0 0 310 -0.214844 2.08881 4.10095 2.44295
0 0 311 2.75 1.7272 -4.70068 1.23652
0 0 312 -4.30469 -0.104706 1.71667 2.00219
0 0 313 3.00781 1.86115 -0.0388184 0.892212
0 0 314 -1.25 -0.632629 0.546753 1.57652
0 0 315 1.17188 0.0877075 -0.225464 0.886284
0 0 316 0.246094 1.22888 0.695557 -0.819099
0 0 317 1.67188 -6.48434 -0.39209 3.72374
0 0 318 3.8125 0.352753 -1.75977 -0.683315
0 0 319 1.30078 -3.03055 -0.0665283 -1.70169
0 0 320 6.13281 -0.280212 0.217896 3.14881
0 0 321 2.46875 -1.42984 -5.0918 0.71925
0 0 322 -0.429688 -0.615021 -1.07544 1.18102
0 0 323 7.42578 4.06802 -2.39978 -1.81323
0 0 324 5.89844 -5.88873 -3.48303 -2.56435
0 0 325 3.54688 -1.47919 -0.784302 -2.26477
0 0 326 9.875 -3.39285 -0.259888 -0.355167
0 0 327 10.7812 1.44879 -4.49402 2.14121
0 0 328 11.1328 -3.0686 -0.837646 0.913227
0 0 329 13.5742 8.92096 1.2511 1.88581
0 0 330 17.5508 7.32092 -0.164307 -0.594948
0 0 331 20.957 6.19739 -5.2406 1.12714
0 0 332 22.0195 7.86859 -3.33972 -0.0604324
0 0 333 28.3477 11.087 -8.05151 -2.4706
0 0 334 29.625 6.58435 -6.46606 -1.42905
0 0 335 33.8242 8.51141 -11.7601 0.776905
0 0 336 30.9648 8.92517 -7.44385 1.7511
0 0 337 34.6602 11.5768 -13.6123 1.29364
0 0 338 34.293 11.4443 -8.4093 -2.18825
0 0 339 33.0391 9.34244 -8.41711 2.90257
0 0 340 34.3242 9.8006 -16.9065 1.72254
0 0 341 31.793 12.921 -9.86584 0.458996
0 0 342 34.6094 10.0607 -12.8301 -0.934406
0 0 343 33.2422 14.6958 -16.0332 3.04913
0 0 344 37.1758 7.75372 -9.98145 -0.932251
0 0 345 38.5 8.2048 -16.0476 -3.0757
0 0 346 34.8359 11.3682 -7.35608 0.0214691
0 0 347 33.6328 10.5492 -9.95471 7.12211
0 0 348 33.4727 11.5543 -6.2439 1.57275
0 0 349 36.9141 5.83508 -9.88477 1.36692
0 0 350 37.4805 10.4329 -6.20056 3.30292
0 0 351 38.6211 5.93167 -10.3414 5.36662
0 0 352 46.7891 5.74982 -7.0105 2.7059
0 0 353 51.9766 10.3638 -7.85376 5.28741
0 0 354 57.0938 8.534 -0.571045 3.73398
0 0 355 69.832 8.3782 1.84888 1.07757
0 0 356 81.0078 11.0376 8.01062 4.24209
0 0 357 91.7852 5.3544 5.00977 9.50587
0 0 358 98.0547 7.17502 1.70557 8.80971
0 0 359 97.8867 7.73819 -3.0564 7.28968
0 0 360 102.875 10.9192 -6.12842 10.6385
0 0 361 96.8008 12.9442 -8.15161 10.2166
0 0 362 87.0117 10.6485 -20.8295 1.36745
0 0 363 81.2188 9.66528 -22.515 5.77559
0 0 364 63.3047 9.15567 -28.3934 4.27065
0 0 365 50.7891 11.2096 -20.9396 3.15851
0 0 366 44.6602 5.98383 -21.0028 -0.908005
0 0 367 39.3438 9.29593 -14.0444 -3.43186
0 0 368 33.7109 10.9819 -13.3778 0.578075
0 0 369 28.7383 5.53412 -8.30933 -3.3936
0 0 370 26.6602 5.72513 -10.8091 -2.30248
0 0 371 27.6445 3.72266 -5.82507 -3.92381
0 0 372 35.6016 -1.28815 -5.84399 -4.5537
0 0 373 35.6367 -2.50473 -6.88831 -2.65434
0 0 374 29.4648 0.817932 -5.7417 0.677761
0 0 375 27.3711 1.11398 -5.71619 -1.9086
0 0 376 27.2109 4.43668 -7.09717 -0.0943756
0 0 377 23.2969 2.26361 -1.36755 -2.70714
0 0 378 16.8203 0.67981 -0.209961 -2.35798
0 0 379 16.3633 -0.918823 -4.43738 -4.97344
0 0 380 13.9141 2.10852 -0.791016 5.67537
0 0 381 12.1484 1.73636 0.943359 -3.35535
0 0 382 10.918 -2.96994 2.59326 0.306507
0 0 383 10.9805 4.05887 1.25549 -2.30248
0 0 384 11.2578 0.348511 2.79211 2.5852
0 0 385 9 1.23593 0.700073 3.70542
0 0 386 6.48438 -0.218903 -0.699829 -1.82616
0 0 387 5.25781 1.33884 -0.38208 -2.67589
0 0 388 5.9375 -2.57452 -3.23413 3.2625
0 0 389 1.54688 -2.42368 -2.78418 3.94196
0 0 390 4.22266 0.2724 -1.48535 3.6413
0 0 391 -1.88281 1.82166 -1.68311 -0.76683
0 0 392 -2.59766 -3.5141 1.77881 3.06152
0 0 393 0.320312 3.0636 -1.4021 -3.37636
0 0 394 4.80469 5.36002 0.796631 -0.893993
0 0 395 -4.00781 4.07718 1.49548 2.07116
0 0 396 -0.726562 2.15152 -1.52649 1.27586
0 0 397 3.42188 -0.168152 -2.6897 0.272564
0 0 398 1.79297 -0.384521 1.33215 0.857727
0 0 399 2.28125 1.4798 3.9231 -0.702713
0 0 400 -0.210938 -3.23636 2.21545 -0.775452
0 0 401 2.00781 -2.32501 -2.23645 -0.16119
0 0 402 1.20703 -0.292206 1.65552 1.24245
0 0 403 0.945312 0.177948 -2.88855 0.253704
0 0 404 0.550781 -2.00992 4.07312 3.769
0 0 405 -4.55469 -2.26508 -3.17749 0.727333
0 0 406 3.30469 1.63065 2.32214 3.13103
0 0 407 -1.54297 2.55118 -0.480957 -0.170891
0 0 408 0.855469 -1.04288 4.69202 1.61586
0 0 409 -0.753906 2.51523 1.68555 3.37081
0 0 410 -1.96094 2.71964 0.0400391 -1.72648
0 0 411 4.36719 -0.827881 -2.21973 -1.14509
0 0 412 -1.87891 -0.384521 4.41309 2.32333
0 0 413 -0.1875 -0.024353 -1.06763 -4.5079
0 0 414 -2.0625 -2.88184 0.771118 -0.021637
0 0 415 3.47656 -1.02454 2.08545 -0.676308
0 0 416 -4.23828 1.08438 -0.719849 1.41272
0 0 417 -0.113281 0.767914 -0.102173 0.568916
0 0 418 2.65625 0.94342 1.41882 1.46822
0 0 419 -0.433594 -0.379608 -0.548828 1.59538
0 0 420 2.80859 -2.99814 -1.51428 0.980042
0 0 421 -1.83203 1.41354 0.172241 4.58694
0 0 422 0.410156 -1.44534 1.68555 0.458996
0 0 423 1.47656 -0.541016 -0.394287 0.577538
0 0 424 0.0585938 1.19788 2.99316 -1.67529
0 0 425 0.417969 2.78873 1.5033 -0.999603
0 0 426 0.460938 1.71381 -1.11426 -3.34511
0 0 427 -3.89453 1.24863 0.894409 -0.550224
0 0 428 -0.0976562 2.58853 0.428955 -2.29332
0 0 429 3.48438 0.110992 0.0256348 1.91436
0 0 430 3.87109 -2.46313 3.22656 -4.17221
0 0 431 2.28125 -0.412018 1.3811 -0.110004
0 0 432 1.44141 1.6828 -0.896484 2.69458
0 0 433 2.38672 -1.03369 -0.407715 -1.04379
0 0 434 -0.769531 2.79858 -3.39856 1.92299
0 0 435 -1.53906 -1.5433 -2.45862 2.062
0 0 436 -1.46094 -1.76395 -2.88635 -0.856277
0 0 437 1.81641 0.54306 -0.378784 -0.247944
0 0 438 5.27734 1.13373 -2.6709 -0.611649
0 0 439 0.8125 2.45673 2.00439 -3.02289
0 0 440 -0.269531 0.621277 0.22229 -5.94009
0 0 441 -0.976562 -0.0328064 -0.156616 -0.411747
0 0 442 -1.89453 2.55893 0.444458 1.1072
0 0 443 -0.136719 0.774963 3.5365 1.15139
0 0 444 -0.335938 -0.223114 3.50867 -0.347626
0 0 445 3.91797 -2.15726 3.12988 0.794685
0 0 446 3.85547 1.12808 1.40002 -2.10905
0 0 447 1.43359 4.53323 1.53113 -1.67152
0 0 448 -3.76953 -0.00109863 -0.184326 -0.636974
0 0 449 1.17578 3.21585 -0.341064 1.61963
0 0 450 -0.703125 1.21899 3.05542 -0.246864
0 0 451 0.0703125 0.399963 1.38782 1.76673
0 0 452 -5.04688 -4.14774 -4.69519 -1.15802
0 0 453 4.46094 -2.12622 1.86438 -3.1867
0 0 454 0.515625 -0.248505 -1.22205 0.877125
0 0 455 -1.48438 2.0881 -2.99854 -3.61668
0 0 456 -0.304688 -2.51953 -0.0220947 2.39661
0 0 457 2.23438 -1.3403 -1.00317 -0.795929
0 0 458 0.0585938 3.4668 3.16431 -2.3138
0 0 459 -0.277344 1.43118 2.25439 -2.42857
0 0 460 1.85938 -1.05838 -0.669922 1.75325
0 0 461 2.16406 1.44949 5.00195 -1.41558
0 0 462 0.804688 2.46872 -1.58313 -0.11647
0 0 463 5.59766 1.96896 -6.33728 -1.27925
0 0 464 -5.05469 -0.868073 5.14197 6.8597
0 0 465 2.01953 0.387268 1.74658 -2.67158
0 0 466 -0.257812 2.80353 -4.28296 -1.91615
0 0 467 6.4375 3.72546 -0.647705 1.86802
0 0 468 0.925781 0.396454 4.19092 -1.77012
0 0 469 1.79688 3.88266 -1.58752 -2.24268
0 0 470 3.66406 5.11545 -2.58972 4.0341
0 0 471 2.10156 -1.8598 -1.51208 -2.43611
0 0 472 3.44141 -0.233704 1.54333 -0.130478
0 0 473 3.625 4.03067 4.05981 5.2567
0 0 474 -3.49609 2.30096 0.477783 0.995129
0 0 475 2.83984 0.0912476 1.03894 -0.0825233
0 0 476 2.23828 -0.96814 1.55994 -0.132095
0 0 477 6.13281 -3.17365 -4.39404 1.73978
0 0 478 1.96094 -0.137115 1.2655 -2.28955
0 0 479 -2.36328 -0.703125 0.373413 -2.54388
0 0 480 -2.92188 -0.166016 1.93103 -2.61877
0 0 481 7.59375 1.17319 -2.16089 -2.30087
0 0 482 -0.789062 -1.97751 3.99756 0.0322456
0 0 483 -6.81641 1.46783 2.33655 -3.63069
0 0 484 2.40234 -2.34967 -3.42188 -2.02715
0 0 485 -4.67188 -1.69205 -4.02966 -0.223694
0 0 486 3.29297 3.48511 -0.781006 -3.22549
0 0 487 3.17578 5.31845 -3.90967 2.12828
0 0 488 0.957031 -2.20798 -0.522095 5.48947
0 0 489 2.38281 2.43558 -2.3053 2.40469
0 0 490 0.847656 -3.06509 -0.236572 0.959026
0 0 491 -1.6875 0.0764465 1.12439 -0.630508
0 0 492 2.20703 -3.70862 -4.38513 4.05619
0 0 493 2.37891 -0.803223 0.631104 0.678837
0 0 494 0.113281 -1.09503 3.62537 1.77535
0 0 495 -4.33203 -2.72183 1.01001 -2.9911
0 0 496 2.44141 1.90906 0.73999 0.607174
0 0 497 0.628906 1.6123 2.49878 -0.0178642
0 0 498 1.65625 -2.94174 -1.86865 0.715477
0 0 499 0.339844 -3.42316 0.124512 2.10403
0 0 500 -0.824219 0.342163 3.24646 0.725716
0 0 501 1.65625 -4.77719 -1.87646 -1.03409
0 0 502 2.68359 -3.63531 -0.233276 6.66573
0 0 503 2.46484 -4.17242 1.75769 0.126003
0 0 504 2.1875 2.81549 0.636719 1.42349
0 0 505 -0.378906 3.43506 -0.317627 0.756428
0 0 506 0.613281 -1.67725 -1.15649 3.69141
0 0 507 -4.46875 1.13654 0.187866 -4.8064
0 0 508 -1.42188 1.8125 4.44971 0.18581
0 0 509 0.976562 0.320312 -0.863159 -4.09246
0 0 510 2.16406 -0.562866 -2.46643 -0.757133
0 0 511 -0.746094 -0.317566 -1.21655 3.74691
0 0 512 0.179688 0.458466 -0.349854 1.03823
0 0 513 0.664062 1.70889 0.271118 5.46415
0 0 514 3.76172 0.0165405 -0.495483 2.60406
0 0 515 -0.519531 -5.25015 4.39417 -3.44264
0 0 516 -2.21094 0.829224 -1.97095 0.258553
0 0 517 6.01562 -1.40729 0.93335 0.347458
0 0 518 -1.90234 -1.07318 5.29529 -0.485565
0 0 519 -2.13281 -0.673523 1.40002 -2.26638
0 0 520 -2.28516 0.912384 -2.69751 0.68692
0 0 521 -4.41797 -2.00076 1.14111 -3.10048
0 0 522 -1.22656 -0.239349 -2.80078 1.02153
0 0 523 0.445312 1.24933 3.88977 3.04482
0 0 524 -2.23047 3.04105 -2.77197 2.27214
0 0 525 -1.12891 -1.20218 4.55859 2.15845
0 0 526 -0.65625 2.31998 0.421143 -0.382111
0 0 527 0.460938 1.89706 -0.0288086 -4.5607
0 0 528 -4.13672 -3.17294 1.79102 1.14977
0 0 529 0.878906 0.438019 2.29773 1.722
0 0 530 2.89062 -1.75546 3.18762 -1.88328
0 0 531 0.667969 6.7655 -1.73645 -5.1922
0 0 532 5.61719 2.12967 -1.87646 -1.84987
0 0 533 -0.171875 3.55136 -0.177734 4.2728
0 0 534 0.65625 -5.69562 -4.2074 -2.60099
0 0 535 1.71875 2.17831 -3.61633 2.55072
0 0 536 3.42188 -5.17825 0.380005 3.48396
0 0 537 -2.47656 4.33588 -3.77515 -4.01702
0 0 538 -1.08984 5.12671 3.36987 -1.13
0 0 539 -0.820312 -0.784882 -2.95532 -0.701633
0 0 540 -1.12891 1.379 0.382324 -1.00391
0 0 541 2.98438 1.84351 1.42993 2.47366
0 0 542 -0.363281 -2.98969 -2.13867 3.66662
0 0 543 3.03906 4.21677 -1.70984 0.628189
0 0 544 -0.925781 3.86786 4.28088 2.99848
0 0 545 5.82422 0.405609 4.86975 1.79044
0 0 546 -1.90625 -0.685516 -0.94873 -0.637512
0 0 547 1.32812 3.3526 -2.02649 1.67566
0 0 548 1.53125 -0.810974 0.315674 0.00368881
0 0 549 -1.58984 1.54749 -0.940918 2.16815
0 0 550 1.74219 -0.865234 2.86316 -2.72007
0 0 551 2.15625 -2.13962 1.72778 0.644352
0 0 552 1.55469 5.58136 -2.01538 1.19072
0 0 553 0.785156 1.9429 2.17102 1.77912
0 0 554 2.65234 -6.435 -3.8219 0.189583
0 0 555 3.42188 -4.37823 0.105591 -2.65865
0 0 556 5.89844 -1.16623 0.531128 5.91999
0 0 557 -3.08594 -0.550873 -1.52759 0.953636
0 0 558 -2.62891 -0.41272 3.05981 -0.206451
0 0 559 2.08594 3.33569 -1.83093 -4.67062
0 0 560 -3.375 1.81461 2.28882 -0.346008
0 0 561 2.05859 -0.426117 4.36084 3.63429
0 0 562 -0.140625 -1.73926 -3.49634 4.33638
0 0 563 3.76953 4.61218 0.719971 1.37392
0 0 564 -4.82812 0.130005 -0.797607 4.94418
0 0 565 3.37109 -3.56061 6.27185 3.63753
0 0 566 1.25 2.45813 0.658936 -0.539986
0 0 567 -1.34375 5.44955 3.30981 -1.30889
0 0 568 3.64062 -2.18896 3.30762 0.886284
0 0 569 5.14844 2.49973 -1.44983 0.22245
0 0 570 -1.81641 -1.04428 -0.331055 2.39015
0 0 571 0.433594 7.67758 -1.85535 -0.759827
0 0 572 -1.29688 2.43488 3.41089 -0.571777
0 0 573 -0.550781 1.39944 2.86768 -3.56441
0 0 574 -2.10938 -1.75406 0.30896 1.93645
0 0 575 1.57031 2.69144 5.54858 0.592087
0 0 576 1.25 1.03363 0.156738 2.36159
0 0 577 0.113281 1.25143 3.39539 0.266098
0 0 578 -1.33203 -2.58438 -3.46301 -0.737198
0 0 579 0.824219 3.13199 -1.08765 0.395416
0 0 580 -1.38281 0.794678 -0.0887451 2.35135
0 0 581 0.609375 0.834869 0.626709 -1.50017
0 0 582 1.74219 3.4097 -4.61621 -0.221539
0 0 583 0.332031 -2.56393 -3.27185 0.746189
0 0 584 0.0390625 2.98679 1.7677 -0.0475006
0 0 585 1.22266 0.459869 -0.640991 4.68501
0 0 586 4.46094 0.748871 -0.00439453 5.6398
0 0 587 4.63281 0.502167 -3.82629 -3.39037
0 0 588 2.26562 -0.643921 1.69446 2.96615
0 0 589 2.57812 0.133545 0.363403 0.603939
0 0 590 3.48047 0.23291 0.434448 4.44469
0 0 591 3.67188 -0.253418 -3.36304 -0.404739
0 0 592 -4.30859 0.841919 -0.513184 -0.0922203
0 0 593 -1.96484 3.50061 -1.91418 1.19018
0 0 594 1.39453 -0.760223 -6.28174 2.64824
0 0 595 -2.38281 -0.157562 -0.56543 -0.598179
0 0 596 3.55078 2.19312 -0.253174 -3.5504
0 0 597 -0.953125 3.4668 -0.516602 3.9231
0 0 598 -0.5 0.908875 -1.59863 2.47259
0 0 599 -3.35938 -4.42194 5.5575 1.65357
0 0 600 -3.14453 3.03189 2.5343 -0.875675
0 0 601 1.64453 -1.55035 1.71216 -0.184361
0 0 602 -1.33594 -0.400055 -0.671021 -0.78569
0 0 603 1.375 -1.43195 1.0144 1.50917
0 0 604 1.16797 3.95807 1.34888 1.27855
0 0 605 -2.00781 0.782013 1.83997 -1.11976
0 0 606 1.47656 1.2338 -2.65088 5.72817
0 0 607 -2.74219 1.17673 -2.82971 -0.237705
0 0 608 4.55859 0.796082 -2.1687 0.373863
0 0 609 2.42969 -0.0962524 -1.02759 0.766129
0 0 610 -0.960938 3.98978 -0.188843 3.08308
0 0 611 1.04688 -2.58157 -4.01294 3.15366
0 0 612 4.14844 -1.06613 -0.966553 2.72583
0 0 613 -0.527344 0.587463 0.626709 0.654591
0 0 614 1.16016 -2.14948 6.37634 -1.03301
0 0 615 -2.42188 -0.898376 -1.86646 1.11528
0 0 616 -1.91406 -0.209015 4.88416 2.51246
0 0 617 0.339844 3.66907 -1.19202 1.71123
0 0 618 2.43359 -0.494507 -3.08972 -5.86574
0 0 619 -1.57812 1.50729 1.14111 2.69189
0 0 620 -1.17188 -8.39941 -3.59741 -0.246326
0 0 621 4.25 0.60437 -1.52319 0.980579
0 0 622 1.39062 -2.76834 0.717773 -1.62733
0 0 623 3.5 1.36914 0.571167 -0.541603
0 0 624 4.74219 -3.2681 -0.172119 0.615795
0 0 625 1.52344 2.02606 -2.28088 5.94585
0 0 626 3.44922 1.9859 -6.58838 1.34698
0 0 627 1.40625 -0.820831 -0.935425 0.98489
0 0 628 -0.40625 -5.45456 -3.15417 -0.46994
0 0 629 0.585938 0.964569 3.94983 -2.33966
0 0 630 -1.04688 1.94501 -2.24976 0.0521812
0 0 631 3.21094 0.529663 -1.4043 -1.15209
0 0 632 -2.49609 -1.43549 0.325562 2.38853
0 0 633 1.58984 0.809479 2.27661 0.352848
0 0 634 -0.96875 -0.705933 0.697754 1.79097
0 0 635 4.85156 0.394318 -2.00305 -2.28147
0 0 636 -0.644531 -3.46335 1.19226 1.34806
0 0 637 0.363281 2.67172 4.23206 1.39009
0 0 638 -3.19531 2.18677 -3.89856 -0.565311
0 0 639 1.39453 1.7977 -1.59094 -3.0493
0 0 640 -0.78125 1.36139 -1.0498 1.13792
0 0 641 1.30078 4.80743 -5.58069 0.670753
0 0 642 -0.199219 -4.11462 1.12671 -0.723186
0 0 643 0.1875 -1.97397 -6.15833 -2.74216
0 0 644 0.0742188 -0.858185 1.89551 3.32716
0 0 645 1.05078 -4.19073 2.06543 -0.622967
0 0 646 1.86719 -1.12604 0.56897 3.2555
0 0 647 -1.32031 1.86746 5.44189 -0.634281
0 0 648 2.03516 1.77725 0.861084 -4.92118
0 0 649 -1.54688 5.51437 0.357788 1.46606
0 0 650 -5.12109 -1.72165 -1.57642 0.928852
0 0 651 1.32422 3.2518 -0.998779 0.987045
0 0 652 0.179688 0.75592 -2.36646 -0.735043
0 0 653 2.14062 1.05618 -3.00195 5.2567
0 0 654 0.191406 2.21002 -2.01648 0.642197
0 0 655 0.898438 -5.49826 0.431152 2.24466
0 0 656 0.609375 -4.64044 1.64111 -0.720493
0 0 657 0.246094 1.8132 3.5498 -2.0029
0 0 658 0.828125 -3.74597 5.31531 4.20168
0 0 659 0 3.2652 -0.744263 -0.346546
0 0 660 2.90625 2.36932 -0.858765 1.04093
0 0 661 -1.30078 -0.861023 -1.71094 -6.90836
0 0 662 1.82812 -1.16623 -3.73962 -0.0356445
0 0 663 4.01172 0.786224 -2.33423 2.45157
0 0 664 -2.66797 1.26343 -0.0876465 -1.80622
0 0 665 -1.39453 -1.11829 0.197876 1.2667
0 0 666 -0.921875 4.8349 1.82996 0.683147
0 0 667 0.230469 2.12756 -2.40088 1.99411
0 0 668 -3.16016 4.00388 -0.401001 4.11169
0 0 669 4.01562 0.140594 -1.43542 0.745113
0 0 670 1.17969 0.480316 1.0011 -0.00115967
0 0 671 7.17969 2.84863 -4.48621 1.88473
0 0 672 -2.45312 -1.9176 0.0334473 -0.468323
0 0 673 -0.429688 0.945526 -2.96411 1.57652
0 0 674 0.339844 -1.7879 -0.369873 1.30711
0 0 675 3.50391 2.92758 -3.48523 2.13636
0 0 676 1.82031 0.84967 -1.2854 3.86976
0 0 677 -3.24609 -0.895538 2.42883 -0.0663567
0 0 678 0.109375 -2.41452 3.90869 -0.883217
0 0 679 1.81641 -1.10068 4.08203 1.22413
0 0 680 2.23047 2.74994 3.42871 -2.20334
0 0 681 2.67969 1.26553 -3.06299 0.720867
0 0 682 2.53906 -0.175903 3.1676 1.00806
0 0 683 0.75 0.772827 4.84192 -4.29776
0 0 684 0.839844 1.32968 0.447876 3.98184
0 0 685 0.1875 1.69125 0.0145264 -0.761444
0 0 686 -1.06641 2.13251 -1.04431 -4.23687
0 0 687 1.19531 0.618469 -2.672 -1.68768
0 0 688 3.80469 1.45795 3.19873 3.27436
0 0 689 -1.04688 2.53217 3.53088 -1.83963
0 0 690 1.39453 -0.732727 1.30115 4.98782
0 0 691 -2.94922 -2.95374 2.30884 -0.706482
0 0 692 3.66406 -1.45029 3.08984 0.373322
0 0 693 -2.20703 2.44476 2.61877 -3.25513
0 0 694 1.27344 0.396454 0.956665 -2.12305
0 0 695 -1.70703 -0.980133 -4.18738 1.21982
0 0 696 0.460938 0.175812 0.662231 2.77271
0 0 697 -0.28125 -0.748932 1.62329 7.31339
0 0 698 3.40625 -2.71338 -2.65857 0.744034
0 0 699 3.07031 -1.11264 -0.870972 -1.08043
0 0 700 -4.44922 -0.47406 -2.62415 -0.386959
0 0 701 0.625 0.313965 5.38525 -2.46305
0 0 702 0.269531 -0.708069 -1.21533 -1.59608
0 0 703 0.316406 -0.446564 3.04871 3.35411
0 0 704 -4.29688 1.32474 2.7854 1.19719
0 0 705 2.38281 -0.603729 0.872192 -1.39133
0 0 706 1.9375 -0.149811 -1.98865 -0.243092
0 0 707 0.933594 0.693176 2.49329 0.0807419
0 0 708 1.66406 0.869415 3.09204 -5.83879
0 0 709 0.359375 0.0383911 -1.04211 0.247776
0 0 710 2.46875 2.35101 1.12329 0.953636
0 0 711 -1.41797 -1.18524 -3.24524 -0.189209
0 0 712 2.01953 -1.85767 1.01111 0.13678
0 0 713 2.16406 7.9722 1.1355 -0.688702
0 0 714 -0.578125 -0.53891 -2.01086 1.57975
0 0 715 -2.47266 2.16986 -1.09875 -2.34829
0 0 716 2.73438 2.41727 1.55334 0.487015
0 0 717 1.64062 2.52368 1.08667 -1.45922
0 0 718 3.875 2.96069 -0.34436 1.16432
0 0 719 1.25391 -2.78668 1.67102 -1.00122
0 0 720 5.57422 -0.46701 -6.20618 -1.40265
0 0 721 0.386719 2.47647 -3.42297 4.51258
0 0 722 -4.50781 -0.37677 0.756714 -0.829334
0 0 723 2.875 -3.01224 1.54333 -1.65428
0 0 724 -2.84375 -1.37979 -0.906494 -1.38918
0 0 725 3.35156 -2.28342 -0.309937 3.74745
0 0 726 3.37891 -2.13116 -1.45764 0.123306
0 0 727 -1.73047 2.74854 -1.41199 -2.06971
0 0 728 -1.80469 0.944122 3.18762 -2.7815
0 0 729 -0.351562 -0.309814 2.9176 0.565685
0 0 730 1.27344 -1.72165 -0.979858 -1.52981
0 0 731 -1.49219 9.28323 4.84082 1.88688
0 0 732 -2.92969 -3.15179 -0.446533 -4.40606
0 0 733 3.02734 -1.1937 -2.60193 0.615257
0 0 734 3.38281 -1.14154 1.10339 -2.97009
0 0 735 -2.41016 -0.0751038 -0.552124 0.0290146
0 0 736 0.121094 1.00543 -0.7677 0.800072
0 0 737 1.84375 5.31351 -1.13208 1.01022
0 0 738 -0.4375 1.58975 1.65991 1.64711
0 0 739 2.85156 -1.61169 -5.12622 1.41056
0 0 740 2.89844 4.19843 1.00439 0.766666
0 0 741 2.56641 -0.536072 2.4043 -0.356785
0 0 742 3.04688 -2.98969 -2.52747 7.51492
0 0 743 4.66797 -3.78967 -0.0765381 7.43948
0 0 744 -2.42969 -2.65134 2.47876 -0.114853
0 0 745 1.65234 3.35825 -0.151001 1.60292
0 0 746 1.99609 4.01657 -0.648804 0.780136
0 0 747 -0.839844 1.52139 -0.00439453 1.51779
0 0 748 1.43359 3.686 -5.5929 -0.204838
0 0 749 3.07812 -1.50525 0.258911 0.740265
0 0 750 0.0859375 4.94769 -0.452148 -4.65931
0 0 751 2.28125 1.01743 -4.0896 3.9355
0 0 752 -1.10156 0.433105 1.02222 1.66974
0 0 753 -1.39062 -3.75372 5.48853 -1.07019
0 0 754 2.47656 1.81601 -2.10083 0.976269
0 0 755 4.21484 -2.26508 4.57202 -2.24914
0 0 756 -0.00390625 -1.60956 -1.5332 0.751579
0 0 757 2.98438 3.68176 -0.966553 -2.04546
0 0 758 0.839844 -1.48904 2.96875 5.68021
0 0 759 0.289062 -1.57925 0.371216 2.96992
0 0 760 4.05859 -2.70209 -4.99841 0.228378
0 0 761 3.10938 -2.9213 -2.4198 -3.94105
0 0 762 4.14062 0.00878906 0.424438 -0.390732
0 0 763 0.683594 -4.10333 -5.82727 -2.65757
0 0 764 -6.46875 0.110992 1.3822 0.374401
0 0 765 3.48438 0.476105 -0.762085 -1.74049
0 0 766 -2.00391 -3.80096 1.26782 3.40907
0 0 767 -2.48438 2.20087 -2.31421 3.43008
0 0 768 4.19141 2.11346 0.634521 -0.511429
0 0 769 1.45312 0.246307 -5.89722 1.146
0 0 770 -0.140625 0.14975 1.33557 -3.15706
0 0 771 -2.25 -0.00390625 -0.0921631 1.91921
0 0 772 0.484375 -1.02243 -3.55408 -4.97398
0 0 773 -0.703125 0.84613 -0.166626 0.866348
0 0 774 6.99609 -0.313354 0.757812 -2.37846
0 0 775 -0.921875 1.16544 0.0212402 3.59388
0 0 776 3.64062 -1.30084 -4.06958 2.79965
0 0 777 -2.33594 1.12598 0.404541 1.54634
0 0 778 -1.78906 -2.89664 2.80212 3.86491
0 0 779 1.62109 0.143402 4.74084 -4.97236
0 0 780 2.19922 2.95013 0.547852 1.35614
0 0 781 2.04297 -0.341553 2.45215 3.96891
0 0 782 -0.28125 0.305511 -0.661011 1.97256
0 0 783 1.24609 4.00882 4.2887 -0.158497
0 0 784 -2.48047 2.29956 3.34985 0.851799
0 0 785 0.363281 -4.28659 -0.00878906 -0.253868
0 0 786 -0.4375 5.84286 4.61755 0.857727
0 0 787 -0.417969 4.26749 1.32886 3.46403
0 0 788 1.51953 1.28738 0.0356445 1.29364
0 0 789 0.164062 1.27893 0.458984 1.26885
0 0 790 -0.699219 -1.49255 -4.67957 3.45217
0 0 791 2.33984 -0.247101 1.27112 0.298965
0 0 792 2.53125 0.120148 -6.58606 2.0232
0 0 793 -0.40625 0.906769 6.54736 -1.39241
0 0 794 -3.34375 2.52087 2.73096 -0.138023
0 0 795 0.382812 3.01285 2.22327 2.14283
0 0 796 -1.59766 -4.24643 -1.88086 -1.21029
0 0 797 0.210938 -2.005 1.67102 0.348537
0 0 798 0.503906 -0.208313 1.74219 2.01836
0 0 799 2.46094 -1.28745 2.86316 0.987583
0 0 800 1.74609 4.87155 1.36548 -1.48832
0 0 801 -0.378906 3.50275 -0.327637 2.75331
0 0 802 -0.738281 2.41373 -1.19312 2.5394
0 0 803 -2.50781 -0.1315 -2.84973 2.81097
0 0 804 1.44531 -2.37152 1.16113 -0.907463
0 0 805 0.371094 -0.593872 0.614502 1.11205
0 0 806 3.0625 -2.51248 -0.613159 1.91598
0 0 807 -3.34375 6.01553 4.34863 -1.019
0 0 808 -0.214844 0.644562 -4.06848 0.609867
0 0 809 0.101562 1.15979 -2.16638 3.18168
0 0 810 4.52734 5.40372 -2.672 -1.88112
0 0 811 3.33203 1.69479 -3.59302 2.166
0 0 812 0.757812 2.23752 1.86877 2.18539
0 0 813 -1.32031 4.00037 -1.45874 -2.31919
0 0 814 0.921875 -1.1937 0.873291 0.111992
0 0 815 6.08984 0.415466 1.23779 1.39817
0 0 816 1.26172 -2.00922 -2.58191 -0.727497
0 0 817 -4.19922 -0.227356 -1.08423 1.95639
0 0 818 -2.32031 2.24246 1.56555 0.630882
0 0 819 1.13281 -5.0112 -1.12317 1.05709
0 0 820 0.789062 1.56299 0.170044 -1.89944
0 0 821 -0.871094 1.35858 -2.07751 -3.7821
0 0 822 1.41797 4.60794 -0.485474 0.992432
0 0 823 1.57422 -0.139252 -2.03418 -0.128323
0 0 824 1.58984 1.37054 0.541138 -1.07342
0 0 825 1.24609 -0.663666 0.0500488 3.08308
0 0 826 0.238281 -0.115997 2.45764 3.21886
0 0 827 2.14844 -4.73914 0.497803 2.2021
0 0 828 4.88281 -0.406372 -1.34534 2.76355
0 0 829 0.0234375 -0.141357 0.987793 1.37446
0 0 830 -0.972656 1.7547 0.765625 2.76894
0 0 831 4.49609 2.28333 -5.12061 0.988121
0 0 832 2.43359 -0.0173035 -0.828735 3.06691
0 0 833 3.02734 0.430267 -3.58081 3.5109
0 0 834 4.29297 0.366852 1.91553 5.43936
0 0 835 0.386719 -0.158966 0.167847 -2.95823
0 0 836 0.707031 -1.10349 2.05554 1.6234
0 0 837 -7.32031 2.06766 -0.0477295 0.859344
0 0 838 3.54688 -0.920929 2.90991 0.127079
0 0 839 -2.54688 2.1311 2.87317 -2.91459
0 0 840 -1.94141 -3.89612 -6.88721 1.5388
0 0 841 1.49609 -0.909637 -1.6842 1.04147
0 0 842 2.41016 4.43103 2.05432 -1.6893
0 0 843 2.16016 2.63437 0.313354 -0.137482
0 0 844 -3.02344 -4.35992 -0.769897 2.88748
0 0 845 1.24609 0.0588074 -0.161011 -1.45653
0 0 846 2.57031 -4.95975 1.83435 1.55227
0 0 847 1.49609 3.72757 3.57532 -2.67319
0 0 848 1.20703 0.713623 0.543335 -1.46461
0 0 849 -1.42188 -2.18967 -0.725464 1.09912
0 0 850 1.59766 -0.00320435 1.81323 3.69357
0 0 851 -1.23828 -1.90842 3.14758 1.52264
0 0 852 -0.253906 -0.930786 -0.539917 2.17408
0 0 853 4.42969 -2.50897 -1.98083 -0.615421
0 0 854 3.17578 3.18204 2.79883 1.28717
0 0 855 -0.40625 4.91595 1.06006 4.47971
0 0 856 -1.26953 1.8125 -2.0553 -2.4943
0 0 857 -3.71484 2.46588 -3.78296 0.339378
0 0 858 1.75 1.74905 -0.88208 -2.11767
0 0 859 -0.765625 2.98395 1.05884 -0.180588
0 0 860 3.1875 -3.24976 -0.496582 3.46133
0 0 861 -1.96484 2.26221 1.10559 -2.62093
0 0 862 -0.46875 3.22784 -2.4408 -1.43013
0 0 863 -0.523438 0.0348511 -2.59412 0.458458
0 0 864 0.0117188 4.36407 1.52112 2.22796
0 0 865 3.14844 2.80844 -1.55762 -0.477482
0 0 866 -2.70703 -3.28784 -3.12744 -3.48251
0 0 867 -0.175781 -0.0983582 -2.30969 1.04255
0 0 868 0.867188 2.23187 -1.49756 1.62394
0 0 869 -1.64453 -0.71933 3.21313 2.18431
0 0 870 1.52734 2.80283 -0.59436 2.59598
0 0 871 -0.746094 -1.89291 0.535645 1.96016
0 0 872 1.05469 2.35593 -0.455444 -0.286739
0 0 873 0.0742188 -3.96518 0.644531 -2.66942
0 0 874 -3.02344 0.692474 0.407837 -3.47928
0 0 875 1.30469 0.888428 1.71106 0.0672684
0 0 876 3.55859 -4.86951 1.99878 -2.46898
0 0 877 -0.378906 -1.12958 0.936646 1.3653
0 0 878 -2.5 -0.259064 -0.712036 2.44834
0 0 879 -0.429688 4.27808 -0.533203 2.29855
0 0 880 0.53125 0.13916 1.00781 5.23892
0 0 881 -1.67969 -4.55164 0.76001 1.05871
0 0 882 0.0664062 0.66217 -0.629883 1.53395
0 0 883 3.54688 1.41849 -0.248779 1.03446
0 0 884 1.1875 -3.3421 -0.358765 1.69883
0 0 885 -1.36328 1.47839 -2.50757 -0.990444
0 0 886 -3.76562 2.59348 -0.673218 4.10307
0 0 887 6.43359 1.25778 -0.796509 0.939091
0 0 888 5.75 -3.85666 0.518921 -0.290508
0 0 889 -0.195312 1.03012 -3.9574 1.69183
0 0 890 5.26172 1.27893 -4.66187 -2.96793
0 0 891 -0.558594 -3.02563 3.1676 -5.3684
0 0 892 0.292969 0.392914 0.839966 2.9807
0 0 893 -2.53125 -1.98666 0.0567627 -0.848732
0 0 894 -0.824219 -0.930786 -0.862061 2.60083
0 0 895 1.91016 0.901825 0.831177 1.55658
0 0 896 3.91406 -4.42618 -1.72095 -0.870823
0 0 897 -0.90625 -0.920929 -1.83203 4.17043
0 0 898 2.3125 -0.431061 -0.0865479 -0.233395
0 0 899 0.335938 -0.770081 2.16443 -0.675232
0 0 900 -2.92188 0.174408 -0.199951 -1.75019
0 0 901 0.171875 -0.558624 -0.418823 -2.75294
0 0 902 1.87891 0.210358 -0.0355225 0.50264
0 0 903 5.49219 -0.94278 1.47437 4.34932
0 0 904 2.08984 -0.820831 0.560059 1.0711
0 0 905 3.94141 3.43576 -1.48865 2.20048
0 0 906 -3.86328 3.52176 3.27979 -2.50508
0 0 907 1.22656 1.58765 3.32764 0.143784
0 0 908 0.378906 3.53516 0.774414 -0.739891
0 0 909 0.679688 -1.28958 0.348999 -1.14293
0 0 910 4.98438 -0.312653 -0.770996 3.18599
0 0 911 7.99219 -3.81927 1.49109 -2.46305
0 0 912 2.25 0.191345 1.72107 2.93167
0 0 913 4.08594 -0.244263 -3.75525 -2.52718
0 0 914 0.164062 0.401367 -2.32532 0.0441017
0 0 915 -0.726562 3.67612 2.25098 -2.75079
0 0 916 1.39844 2.18607 -2.83301 2.03668
0 0 917 3.78906 1.26199 -2.00085 -3.8252
0 0 918 -1.08984 -4.42123 -2.70642 -0.240936
0 0 919 1.46484 2.63507 -6.69727 -0.98344
0 0 920 2.36328 1.82446 -1.97754 2.91874
0 0 921 4.11719 0.208954 -0.0343018 1.24784
0 0 922 4.07031 -0.117401 -0.0821533 6.43565
0 0 923 -1.80078 3.34836 1.05005 -0.209148
0 0 924 -3.41797 3.04318 -6.11499 1.5512
0 0 925 0.117188 -1.9317 2.40881 0.0284767
0 0 926 5.08984 -0.0737 -0.00219727 -0.121319
0 0 927 -0.109375 1.56155 -0.748779 1.56736
0 0 928 -4.99219 -1.89996 -2.9541 0.25909
0 0 929 -3.5625 -2.88748 1.41113 2.83414
0 0 930 -2.28516 -0.326019 -1.74866 -1.84017
0 0 931 0.316406 3.2088 0.0955811 -2.13922
0 0 932 -1.09766 -1.48199 0.902222 1.95693
0 0 933 2.98828 3.61411 2.18994 3.26897
0 0 934 2.67969 0.743225 -0.639893 3.95867
0 0 935 1.42969 6.07123 -0.553223 3.98615
0 0 936 1.59766 1.42484 1.27893 5.24754
0 0 937 2.21094 -1.68921 -3.53857 2.03398
0 0 938 0.292969 0.180054 -2.20093 2.54694
0 0 939 -0.363281 -2.58438 2.59106 1.65142
0 0 940 -3.14062 -3.28711 -3.77185 -1.11491
0 0 941 -0.179688 1.99435 3.26099 0.644352
0 0 942 5.74219 2.57727 -2.20642 -1.38433
0 0 943 -2.50391 1.13794 -0.369873 2.74739
0 0 944 -3.01953 1.7251 -6.33838 1.72793
0 0 945 3.35156 -1.40799 1.99878 -0.0776749
0 0 946 0.71875 -1.15143 -3.59521 -1.38163
0 0 947 0.554688 -0.234406 -4.11292 4.48402
0 0 948 -0.246094 -0.628418 -1.32983 -1.2119
0 0 949 1.54688 -2.88254 -1.43091 3.07984
0 0 950 -0.0898438 -3.4852 -1.25757 -0.759827
0 0 951 0.5625 -0.980133 -2.62524 2.88048
0 0 952 1.29688 -0.352814 -2.07532 0.607174
0 0 953 -3.44531 -0.505066 -0.937622 0.177189
0 0 954 3.72656 0.56842 1.06665 4.65699
0 0 955 2.01562 3.86292 -1.75757 3.51036
0 0 956 1.35938 0.570557 5.83521 1.79852
0 0 957 2.21094 -4.29083 0.637817 -0.400429
0 0 958 -0.476562 -1.98032 3.1521 2.6143
0 0 959 0.507812 3.12704 -0.706543 -1.68337
0 0 960 0.972656 -3.83902 1.03003 -0.34008
0 0 961 0.261719 2.60123 -0.225464 1.7317
0 0 962 -1.17188 -2.05927 -0.253174 0.316208
0 0 963 2.64062 2.55753 2.08545 -2.13707
0 0 964 2.98047 0.199799 2.37097 1.98818
0 0 965 1.80078 2.61038 -0.37439 -2.49377
0 0 966 3.89062 3.97992 -0.709839 -2.38277
0 0 967 -1.80859 -1.80905 -3.47632 0.00638199
0 0 968 3.65625 -1.23248 -0.635376 -0.73019
0 0 969 -2.37891 -0.0405579 -1.96753 -1.80299
0 0 970 -1.04688 0.130707 0.0456543 -3.22388
0 0 971 -2.30469 3.82977 0.959961 0.398647
0 0 972 0.675781 3.01215 -4.45068 6.30795
0 0 973 2.24609 -3.88696 -2.07092 -4.6787
0 0 974 3.51953 0.0517578 -1.76758 3.4123
0 0 975 1.66406 2.36298 -0.810913 0.123306
0 0 976 0.925781 1.54184 -1.98865 4.04003
0 0 977 -0.949219 0.221649 1.28662 -1.15101
0 0 978 0.558594 0.473969 -1.37207 -2.23944
0 0 979 4.9375 2.63507 -0.380981 -0.0113983
0 0 980 0.222656 -3.51901 3.77979 -0.764675
0 0 981 4.28906 2.58853 -2.62976 1.04686
0 0 982 -1.30859 0.507111 0.992188 0.325367
0 0 983 2.83984 3.80582 -0.112183 -3.1673
0 0 984 -1.375 0.934235 -2.47754 2.88748
0 0 985 -3.48828 -0.956177 1.81104 0.577
0 0 986 2.95312 2.79083 3.9054 3.87838
0 0 987 3.95312 -0.889923 -1.81531 -4.34032
0 0 988 -1.15234 -6.5351 1.74438 -3.89633
0 0 989 2.97656 1.9873 1.1156 1.38901
0 0 990 4.07031 0.75943 1.81445 0.177189
0 0 991 1.74219 3.034 -0.644287 -4.37427
0 0 992 0.359375 -2.22278 -2.09424 -0.0792885
0 0 993 -3.03516 1.58414 -1.07092 1.47845
0 0 994 -0.949219 3.81497 1.24561 0.298428
0 0 995 2.53516 -1.771 -0.233276 -1.25878
0 0 996 2.75391 -0.836334 -0.0865479 -0.545376
0 0 997 1.90234 0.783417 -2.51978 1.06356
0 0 998 0.625 0.872223 -2.49194 4.39781
0 0 999 2.24609 1.01108 -2.24304 0.0942116
0 0 1000 -3.07812 -4.40714 -2.54529 1.17078
0 0 1001 0.445312 1.83929 1.29773 -4.68732
0 0 1002 2.67578 -4.07373 -3.7207 3.12672
0 0 1003 -3.51953 -2.58719 1.5 1.32004
0 0 1004 1.17188 0.0397949 -0.335449 -0.779762
0 0 1005 -1.51562 -1.14368 1.44556 -0.204838
0 0 1006 3.01172 -0.194214 1.87769 -0.530289
0 0 1007 -0.0390625 -2.16357 -1.27539 -7.01667
0 0 1008 1.84375 -1.55249 -1.0376 0.290344
0 0 1009 4.14062 4.28513 -1.24988 -1.33421
0 0 1010 3.74609 -3.1828 1.05225 0.894367
0 0 1011 -0.925781 -1.41644 -2.52307 -0.474251
0 0 1012 -1.79297 -2.13257 -0.437622 0.193893
0 0 1013 0.878906 -1.30154 -4.49731 2.53832
0 0 1014 3.87891 -3.55566 -1.46643 2.92197
0 0 1015 4.23438 -0.404968 -2.21753 -2.6802
0 0 1016 3.35938 2.09515 -1.47205 -1.60309
0 0 1017 -1.77734 -2.02332 -0.495483 -0.311523
0 0 1018 -0.15625 -1.3389 -0.146606 0.68692
0 0 1019 -1.78125 -3.94827 0.396729 -0.226929
0 0 1020 1.82812 -1.72095 1.07996 2.61753
0 0 1021 0.808594 -0.643219 -4.17517 -2.63709
0 0 1022 5.91406 -3.5444 -0.178833 -4.6884
0 0 1023 -0.015625 3.70081 -3.65857 -3.72821
